## INPUTS ##
# arterial input function values
aif,0,0.902,1.101,1.201,1.250,1.209,1.301,1.401,1.501,1.601,1.801,1.901,2.01

# time of the captures, in second
time,0,1,2,3,4,5,6,7,8,9,10,1,12

## OUTPUTS ##

local-cochlea-bm.mha_ktrans_294_0,0.0011,0.0415,0.03951,0.00711
local-cochlea-bm.mha_ktrans_294_1,0.00324776,0.0094,0.0135417,0.001004
local-cochlea-bm.mha_ktrans_294_2,0.00342361,0.0012,0.0143,0.003723
local-cochlea-bm.mha_ktrans_294_3,0.00365983,0.00155373,0.00921236,0.00137045
local-cochlea-bm.mha_ktrans_294_4,0.00277641,0.00106297,0.00608444,0.00131811
local-cochlea-bm.mha_ktrans_294_5,0.00296279,0.00128314,0.00928036,0.00082692
local-cochlea-bm.mha_ktrans_294_6,0.00340806,0.00127999,0.00864242,0.00132881
local-cochlea-bm.mha_ktrans_294_7,0.00263875,0.00120228,0.00996444,0.000899331
local-cochlea-bm.mha_enhanc(t)_294_0,1.101,1.201,1.301,1.401,1.501,1.601,1.701,1.801,1.901,2.101,2.202,2.301
local-cochlea-bm.mha_enhanc(t)_294_1,1.361,1.472,1.610,1.327,1.387,1.271,1.387,0.978,1.194,1.513,1.621,0.826
local-cochlea-bm.mha_enhanc(t)_294_2,1.101,1.201,1.301,1.401,1.501,1.601,1.701,1.801,1.901,2.101,2.202,2.301
local-cochlea-bm.mha_enhanc(t)_294_3,1.101,1.201,1.301,1.401,1.501,1.601,1.701,1.801,1.901,2.101,2.202,2.301
local-cochlea-bm.mha_enhanc(t)_294_4,1.101,1.201,1.301,1.401,1.501,1.601,1.701,1.801,1.901,2.101,2.202,2.301
local-cochlea-bm.mha_enhanc(t)_294_5,1.101,1.201,1.301,1.401,1.501,1.601,1.701,1.801,1.901,2.101,2.202,2.301
local-cochlea-bm.mha_enhanc(t)_294_6,1.101,1.201,1.301,1.401,1.501,1.601,1.701,1.801,1.901,2.101,2.202,2.301
local-cochlea-bm.mha_enhanc(t)_294_7,1.101,1.201,1.301,1.401,1.501,1.601,1.701,1.801,1.901,2.101,2.202,2.301
local-cochlea-bm.mha_ktrans_295_0,0.003989,0.00244334,0.0227946,0.00120943
local-cochlea-bm.mha_ktrans_295_1,0.003103,0.0016473,0.0111012,0.000873066
local-cochlea-bm.mha_ktrans_295_2,0.003363,0.00140954,0.0078941,0.00101163
local-cochlea-bm.mha_ktrans_295_3,0.002737,0.00143015,0.008228,0.000864514
local-cochlea-bm.mha_ktrans_295_4,0.002477,0.00103807,0.008856,0.009971
local-cochlea-bm.mha_ktrans_295_5,0.002958,0.00098666,0.00748536,0.00108998
local-cochlea-bm.mha_ktrans_295_6,0.002745,0.00124,0.008067,0.0006549
local-cochlea-bm.mha_ktrans_295_7,0.00293984,0.00109515,0.00873402,0.000852631
local-cochlea-bm.mha_enhanc(t)_295_0,1.101,1.201,1.301,1.401,1.501,1.601,1.701,1.801,1.901,2.101,2.202,2.301
local-cochlea-bm.mha_enhanc(t)_295_1,1.101,1.201,1.301,1.401,1.501,1.601,1.701,1.801,1.901,2.101,2.202,2.301
local-cochlea-bm.mha_enhanc(t)_295_2,1.361,1.472,1.610,1.327,1.387,1.271,1.387,0.978,1.194,1.513,1.621,0.826
local-cochlea-bm.mha_enhanc(t)_295_3,1.101,1.201,1.301,1.401,1.501,1.601,1.701,1.801,1.901,2.101,2.202,2.301
local-cochlea-bm.mha_enhanc(t)_295_4,1.101,1.201,1.301,1.401,1.501,1.601,1.701,1.801,1.901,2.101,2.202,2.301
local-cochlea-bm.mha_enhanc(t)_295_5,1.101,1.201,1.301,1.401,1.501,1.601,1.701,1.801,1.901,2.101,2.202,2.3019
local-cochlea-bm.mha_enhanc(t)_295_6,1.101,1.201,1.301,1.401,1.501,1.601,1.701,1.801,1.901,2.101,2.202,2.301
local-cochlea-bm.mha_enhanc(t)_295_7,1.101,1.201,1.301,1.401,1.501,1.601,1.701,1.801,1.901,2.101,2.202,2.301
local-cochlea-bm.mha_difcoef_294_0,0.000355456,0.00460469,0.0369886,0.05692
local-cochlea-bm.mha_difcoef_294_1,0.000921445,0.00229685,0.0136816,0.00389
local-cochlea-bm.mha_difcoef_294_2,0.000592131,0.00359741,0.0562835,0.009841
local-cochlea-bm.mha_difcoef_294_3,0.000480298,0.00270581,0.010119,0.01651
local-cochlea-bm.mha_difcoef_294_4,0.00103981,0.00186249,0.0067161,0.00342
local-cochlea-bm.mha_difcoef_294_5,0.000683861,0.00203043,0.0093656,0.00672
local-cochlea-bm.mha_difcoef_294_6,0.000806176,0.00308626,0.0300981,0.00799
local-cochlea-bm.mha_difcoef_294_7,0.000813203,0.00221689,0.0145419,0.006793
local-cochlea-bm.mha_difcoef_295_0,0.000197742,0.00241032,0.0089328,0.02297
local-cochlea-bm.mha_difcoef_295_1,0.000505986,0.00245891,0.0162309,0.0126
local-cochlea-bm.mha_difcoef_295_2,0.000508688,0.00196186,0.010615,0.00862
local-cochlea-bm.mha_difcoef_295_3,5.01654e-05,0.00174189,0.00467016,0.01060
local-cochlea-bm.mha_difcoef_295_4,0.000496272,0.00328057,0.014529,0.02943
local-cochlea-bm.mha_difcoef_295_5,0.000338055,0.00310629,0.00936346,0.03196
local-cochlea-bm.mha_difcoef_295_6,0.000364178,0.00297692,0.0131342,0.02811
local-cochlea-bm.mha_difcoef_295_7,0.000707417,0.00345684,0.0315811,0.02589
local-cochlea-bm.mha_std_enh(t)_294_0,0.4661,0.5565,0.6049,0.506184,0.5597,0.4096,0.5974,0.3743,0.5856,0.531,0.6058,0.2997
local-cochlea-bm.mha_std_enh(t)_294_1,1.44889,1.41598,1.56245,0.872304,1.25165,1.18303,1.22673,0.910754,0.754381,1.28139,1.33796,0.696808
local-cochlea-bm.mha_std_enh(t)_294_2,0.951954,1.0132,1.12761,1.01113,0.989751,0.84091,1.09763,0.670726,1.1126,0.991707,1.02976,0.472378
local-cochlea-bm.mha_std_enh(t)_294_3,0.7021,0.7176,0.906983,0.797692,0.746058,0.615097,0.812593,0.516093,0.897662,0.784399,0.853545,0.4173
local-cochlea-bm.mha_std_enh(t)_294_4,0.5577,0.633071,0.561683,0.467488,0.456453,0.4967,0.623328,0.316664,0.492074,0.50531,0.895083,0.3182
local-cochlea-bm.mha_std_enh(t)_294_5,0.7234,0.858488,0.598377,0.491666,0.596937,0.4875,0.651991,0.379373,0.5934,0.635623,0.886371,0.417298
local-cochlea-bm.mha_std_enh(t)_294_6,0.5714,0.64106,0.678364,0.731981,0.624065,0.5334,0.856381,0.372067,0.658734,0.738634,0.821941,0.430344
local-cochlea-bm.mha_std_enh(t)_294_7,0.5336,0.564711,0.6681,0.593287,0.599101,0.5253,0.641444,0.396973,0.606293,0.678336,0.709409,0.333723
local-cochlea-bm.mha_std_enh(t)_295_0,1.009,1.49283,1.44844,0.843391,1.20801,1.16643,1.09021,0.860854,1.22294,1.10054,1.31802,0.646269
local-cochlea-bm.mha_std_enh(t)_295_1,0.7883,0.810082,0.825435,0.808054,0.733949,0.6477,0.698089,0.531439,0.908098,0.754138,0.938402,0.443945
local-cochlea-bm.mha_std_enh(t)_295_2,0.6447,0.712822,0.8053,0.808661,0.698888,0.6745,0.693801,0.457834,0.718876,0.758098,0.773689,0.40744
local-cochlea-bm.mha_std_enh(t)_295_3,0.7635,0.620907,0.622902,0.82255,0.610092,0.595,0.590075,0.468756,0.638,0.823035,0.740776,0.405794
local-cochlea-bm.mha_std_enh(t)_295_4,0.4623,0.584503,0.6257,0.515024,0.508791,0.4885,0.694511,0.3079,0.467831,0.517121,0.699125,0.308387
local-cochlea-bm.mha_std_enh(t)_295_5,0.410,0.604891,0.746864,0.510684,0.429478,0.3945,0.680882,0.3052,0.54838,0.495913,0.61697,0.261258
local-cochlea-bm.mha_std_enh(t)_295_6,0.648,0.600514,0.72102,0.770576,0.609987,0.52083,0.759525,0.3597,0.594583,0.657468,0.83178,0.313729
local-cochlea-bm.mha_std_enh(t)_295_7,0.5636,0.5891,0.659,0.609,0.5478,0.4619,0.75375,0.3439,0.545769,0.599777,0.767468,0.3306
